020030090
000907000
900208005
004806500
607000208
023102900
800605007
000309000
030020050
========
005000006
070009020
000500107
804150000
000803000
000092805
907006100
030400010
200000600
========
040000050
001943600
009000300
600050072
103000506
800020007
005000200
002436700
030000040
========
003020600
900305001
001806400
008102900
700000008
006708200
002609500
800203009
005010300
========
200080300
060070084
030500209
000105408
000000000
402706000
301007040
720040060
004010003
========
000000907
000420180
000705026
100904000
050000040
000507009
920108000
034059000
507000000
