003020600
900305001
001806400
008102900
700000008
006708200
002609500
800203009
005010300
========
200080300
060070084
030500209
000105408
000000000
402706000
301007040
720040060
004010003
========
000000907
000420180
000705026
100904000
050000040
000507009
920108000
034059000
507000000
========
030050040
008010500
460000012
070502080
000603000
040109030
250000098
001020600
080060020
========
020810740
700003100
090002805
009040087
400208003
160030200
302700060
005600008
076051090
========
100920000
524010000
000000070
050008102
000000000
402700090
060000000
000030945
000071006
========
043080250
600000000
000001094
900004070
000608000
010200003
820500000
000000005
034090710
